{
 "cells": [
  {
   "cell_type": "markdown",
   "metadata": {},
   "source": [
    "# Africa Education\n",
    "\n",
    "This example uses the 'Africa Education' dataset to predict student performance. You can download the Jupyter Notebook of the study <a href=\"africa_education.ipynb\">here</a>.\n",
    "<ul class=\"ul_content\">\n",
    "    <li><b>COUNTRY</b> : COUNTRY ID</li>\n",
    "    <li><b>REGION</b> : REGION ID</li>\n",
    "    <li><b>SCHOOL</b> : SCHOOL ID</li>\n",
    "    <li><b>PUPIL</b> : STUDENT ID</li>\n",
    "    <li><b>province</b> : School Province</li>\n",
    "    <li><b>schoolname</b> : School Name</li>\n",
    "    <li><b>lat</b> : School Latitude</li>\n",
    "    <li><b>long</b> : School Longitude</li>\n",
    "    <li><b>country_long</b> : Country Name</li>\n",
    "    <li><b>zralocp</b> : Student's standardized reading score</li> \n",
    "    <li><b>zmalocp</b> : Student's standardized mathematics score</li>\n",
    "    <li><b>ZRALEVP</b> : Student's reading level</li>\n",
    "    <li><b>ZMALEVP</b> : Student's mathematics competency level</li>\n",
    "    <li><b>zraloct</b> : Teacher's standardized reading score</li> \n",
    "    <li><b>ZRALEVT</b> : Student's reading competency level Teacher</li>\n",
    "    <li><b>ZMALEVT</b> : Student's mathematics competency level Teacher</li>\n",
    "    <li><b>zsdist</b> :\tSchool average distance from clinic, road, public, library, book shop & secondary school</li>\n",
    "    <li><b>XNUMYRS</b> : Teacher's years of teaching</li>\n",
    "    <li><b>numstu</b> : Number of students at each school</li>\n",
    "    <li><b>PSEX</b> : Student's sex</li>\n",
    "    <li><b>PNURSERY</b> : Student preschool</li>\n",
    "    <li><b>PENGLISH</b> : Student speaks English at home</li>\n",
    "    <li><b>PMALIVE</b> : Student's biological mother alive</li>\n",
    "    <li><b>PFALIVE</b> : Student's biological father alive</li>\n",
    "    <li><b>PTRAVEL</b> : Travels to school</li>\n",
    "    <li><b>PTRAVEL2</b> : Means of transportation to school</li>\n",
    "    <li><b>PMOTHER</b> : Mother's education</li>\n",
    "    <li><b>PFATHER</b> : Father's education</li>\n",
    "    <li><b>PLIGHT</b> : Source of lighting</li>\n",
    "    <li><b>PABSENT</b> : Days absent</li>\n",
    "    <li><b>PREPEAT</b> : Years repeated</li>\n",
    "    <li><b>STYPE</b> : School type</li>\n",
    "    <li><b>SLOCAT</b> :\tSchool location</li>\n",
    "    <li><b>SQACADEM</b> : Academic qualifications</li>\n",
    "    <li><b>XSEX</b> : Teacher's sex</li>\n",
    "    <li><b>XAGE</b> : Teacher's age</li>\n",
    "    <li><b>XQPERMNT</b> : Teacher's employment status</li>\n",
    "    <li><b>XQPROFES</b> : Teacher's training</li>\n",
    "    <li><b>zpsibs</b> : Student's number of siblings</li>\n",
    "    <li><b>zpsit</b> : Seating location</li>\n",
    "    <li><b>zpmealsc</b> : Free school meals</li>\n",
    "    <li><b>zphmwkhl</b> : Homework help</li>\n",
    "    <li><b>zpses</b> : Student's socioeconomic status</li>\n",
    "    <li><b>PAGE</b> : Student's Age</li>\n",
    "    <li><b>SINS2006</b> : School inspection</li>\n",
    "    <li><b>SPUPPR04</b> : Student dropout</li>\n",
    "    <li><b>SPUPPR06</b> : Student cheats</li>\n",
    "    <li><b>SPUPPR07</b> : Student uses abusive language</li>\n",
    "    <li><b>SPUPPR08</b> : Student vandalism</li>\n",
    "    <li><b>SPUPPR09</b> : Student theft</li>\n",
    "    <li><b>SPUPPR10</b> : Student bullies students</li>\n",
    "    <li><b>SPUPPR11</b> : Student bullies staff</li>\n",
    "    <li><b>SPUPPR12</b> : Student injures staff</li>\n",
    "    <li><b>SPUPPR13</b> : Student sexually harrasses students</li>\n",
    "    <li><b>SPUPPR14</b> : Student sexually harrasses teachers</li>\n",
    "    <li><b>SPUPPR15</b> : Student drug abuse</li>\n",
    "    <li><b>SPUPPR16</b> : Student alcohol abuse</li>\n",
    "    <li><b>SPUPPR17</b> : Student fights</li>\n",
    "    <li><b>STCHPR04</b> : Teacher bullies students</li>\n",
    "    <li><b>STCHPR05</b> : Teacher sexually harasses teachers</li>\n",
    "    <li><b>STCHPR06</b> : Teacher sexually harasses students</li>\n",
    "    <li><b>STCHPR07</b> : Teacher uses abusive language</li>\n",
    "    <li><b>STCHPR08</b> : Teacher drug abuse</li>\n",
    "    <li><b>STCHPR09</b> : Teacher alcohol abuse</li>\n",
    "</ul>\n",
    "\n",
    "We will follow the data science cycle (Data Exploration - Data Preparation - Data Modeling - Model Evaluation - Model Deployment) to solve this problem.\n",
    "\n",
    "## Initialization\n",
    "\n",
    "This example uses the following version of VerticaPy:"
   ]
  },
  {
   "cell_type": "code",
   "execution_count": 1,
   "metadata": {},
   "outputs": [
    {
     "data": {
      "text/plain": [
       "'1.1.0'"
      ]
     },
     "execution_count": 1,
     "metadata": {},
     "output_type": "execute_result"
    }
   ],
   "source": [
    "import verticapy as vp\n",
    "vp.__version__"
   ]
  },
  {
   "cell_type": "markdown",
   "metadata": {},
   "source": [
    "Connect to Vertica. This example uses an existing connection called \"VerticaDSN.\" For details on how to create a connection, use see the <a href=\"https://www.vertica.com/python/documentation/1.1.x/html/connection.html\">connection tutorial</a>.\n",
    "\n",
    "You can skip the below cell if you already have an established connection."
   ]
  },
  {
   "cell_type": "code",
   "execution_count": 2,
   "metadata": {},
   "outputs": [
    {
     "name": "stdout",
     "output_type": "stream",
     "text": [
      "Connected Successfully!\n"
     ]
    }
   ],
   "source": [
    "vp.connect(\"VerticaDSN\")"
   ]
  },
  {
   "cell_type": "markdown",
   "metadata": {},
   "source": [
    "Let's create a Virtual DataFrame of the dataset. The dataset is available <a href=\"../../data/africa_education.csv\">here</a>."
   ]
  },
  {
   "cell_type": "code",
   "execution_count": 7,
   "metadata": {},
   "outputs": [],
   "source": [
    "from verticapy.datasets import load_africa_education\n",
    "\n",
    "africa = load_africa_education()"
   ]
  },
  {
   "cell_type": "markdown",
   "metadata": {},
   "source": [
    "## Data Exploration and Preparation"
   ]
  },
  {
   "cell_type": "markdown",
   "metadata": {},
   "source": [
    "Let's look at the links between all the variables. Remember our goal: find a way to predict students' final scores ('zralocp' & 'zmalocp')."
   ]
  },
  {
   "cell_type": "code",
   "execution_count": 8,
   "metadata": {},
   "outputs": [
    {
     "data": {
      "application/vnd.plotly.v1+json": {
       "config": {
        "plotlyServerURL": "https://plot.ly"
       },
       "data": [
        {
         "coloraxis": "coloraxis",
         "hovertemplate": "x: %{x}<br>y: %{y}<br>color: %{z}<extra></extra>",
         "name": "0",
         "text": [
          [
           1,
           -0.1509999930858612,
           -0.039000000804662704,
           0.10199999809265137,
           -0.10400000214576721,
           -0.06400000303983688,
           -0.10499999672174454,
           -0.020999999716877937,
           0.16099999845027924,
           0.014000000432133675,
           -0.0820000022649765,
           -0.05400000140070915,
           0.03700000047683716,
           -0.07999999821186066,
           0.027000000700354576,
           -0.012000000104308128,
           -0.008999999612569809,
           0.0010000000474974513,
           0.06800000369548798,
           -0.06499999761581421,
           0.11299999803304672
          ],
          [
           -0.1509999930858612,
           1,
           0.23600000143051147,
           0.11800000071525574,
           0.40299999713897705,
           0.10899999737739563,
           0.38499999046325684,
           0.1289999932050705,
           -0.28999999165534973,
           0.10999999940395355,
           0.35499998927116394,
           0.21899999678134918,
           -0.33000001311302185,
           0.35199999809265137,
           0.10499999672174454,
           0.24300000071525574,
           0.05999999865889549,
           0.11100000143051147,
           -0.2849999964237213,
           0.20600000023841858,
           -0.45399999618530273
          ],
          [
           -0.039000000804662704,
           0.23600000143051147,
           1,
           0.023000000044703484,
           0.17800000309944153,
           0.1550000011920929,
           0.16500000655651093,
           0.7260000109672546,
           -0.04100000113248825,
           0.10999999940395355,
           0.20000000298023224,
           -0.0020000000949949026,
           -0.03500000014901161,
           0.2029999941587448,
           -0.020999999716877937,
           0.18199999630451202,
           0.3330000042915344,
           0.012000000104308128,
           -0.0729999989271164,
           -0.013000000268220901,
           -0.16099999845027924
          ],
          [
           0.10199999809265137,
           0.11800000071525574,
           0.023000000044703484,
           1,
           0.1809999942779541,
           -0.027000000700354576,
           0.16899999976158142,
           -0.03999999910593033,
           0.33500000834465027,
           0.19200000166893005,
           0.2840000092983246,
           0.11299999803304672,
           -0.22100000083446503,
           0.2840000092983246,
           0.3529999852180481,
           0.30300000309944153,
           0.06400000303983688,
           0.125,
           -0.0949999988079071,
           0.023000000044703484,
           -0.1889999955892563
          ],
          [
           -0.10400000214576721,
           0.40299999713897705,
           0.17800000309944153,
           0.1809999942779541,
           1,
           0,
           0.9769999980926514,
           0.08100000023841858,
           0.0560000017285347,
           0.009999999776482582,
           0.7450000047683716,
           0.10100000351667404,
           -0.20600000023841858,
           0.7369999885559082,
           0.08399999886751175,
           0.12300000339746475,
           0.19699999690055847,
           0.0820000022649765,
           -0.17100000381469727,
           0.06599999964237213,
           -0.2549999952316284
          ],
          [
           -0.06400000303983688,
           0.10899999737739563,
           0.1550000011920929,
           -0.027000000700354576,
           0,
           1,
           -0.004999999888241291,
           0.1080000028014183,
           0.04500000178813934,
           -0.041999999433755875,
           0.03700000047683716,
           0.12099999934434891,
           -0.04600000008940697,
           0.03999999910593033,
           -0.003000000026077032,
           -0.029999999329447746,
           0.07400000095367432,
           0.00800000037997961,
           0.0010000000474974513,
           0.1379999965429306,
           -0.03999999910593033
          ],
          [
           -0.10499999672174454,
           0.38499999046325684,
           0.16500000655651093,
           0.16899999976158142,
           0.9769999980926514,
           -0.004999999888241291,
           1,
           0.07599999755620956,
           0.05900000035762787,
           0.009999999776482582,
           0.7179999947547913,
           0.09399999678134918,
           -0.20000000298023224,
           0.7089999914169312,
           0.07199999690055847,
           0.1120000034570694,
           0.19099999964237213,
           0.07699999958276749,
           -0.16099999845027924,
           0.05900000035762787,
           -0.24500000476837158
          ],
          [
           -0.020999999716877937,
           0.1289999932050705,
           0.7260000109672546,
           -0.03999999910593033,
           0.08100000023841858,
           0.1080000028014183,
           0.07599999755620956,
           1,
           -0.04100000113248825,
           0.05299999937415123,
           0.1080000028014183,
           0.003000000026077032,
           0.0010000000474974513,
           0.10899999737739563,
           0,
           0.09399999678134918,
           0.26499998569488525,
           -0.0020000000949949026,
           -0.03200000151991844,
           0.0010000000474974513,
           -0.08900000154972076
          ],
          [
           0.16099999845027924,
           -0.28999999165534973,
           -0.04100000113248825,
           0.33500000834465027,
           0.0560000017285347,
           0.04500000178813934,
           0.05900000035762787,
           -0.04100000113248825,
           1,
           0.08900000154972076,
           0.03099999949336052,
           -0.1379999965429306,
           -0.03200000151991844,
           0.03099999949336052,
           0.02199999988079071,
           0.08699999749660492,
           0.16699999570846558,
           0.0820000022649765,
           0.22699999809265137,
           -0.210999995470047,
           0.17100000381469727
          ],
          [
           0.014000000432133675,
           0.10999999940395355,
           0.10999999940395355,
           0.19200000166893005,
           0.009999999776482582,
           -0.041999999433755875,
           0.009999999776482582,
           0.05299999937415123,
           0.08900000154972076,
           1,
           -0.0020000000949949026,
           0.023000000044703484,
           -0.07199999690055847,
           -0.004000000189989805,
           -0.010999999940395355,
           0.5590000152587891,
           0.04600000008940697,
           0.023000000044703484,
           -0.057999998331069946,
           -0.008999999612569809,
           -0.07100000232458115
          ],
          [
           -0.0820000022649765,
           0.35499998927116394,
           0.20000000298023224,
           0.2840000092983246,
           0.7450000047683716,
           0.03700000047683716,
           0.7179999947547913,
           0.1080000028014183,
           0.03099999949336052,
           -0.0020000000949949026,
           1,
           0.12800000607967377,
           -0.17299999296665192,
           0.9679999947547913,
           0.17100000381469727,
           0.10199999809265137,
           0.22300000488758087,
           0.08500000089406967,
           -0.16099999845027924,
           0.09600000083446503,
           -0.24300000071525574
          ],
          [
           -0.05400000140070915,
           0.21899999678134918,
           -0.0020000000949949026,
           0.11299999803304672,
           0.10100000351667404,
           0.12099999934434891,
           0.09399999678134918,
           0.003000000026077032,
           -0.1379999965429306,
           0.023000000044703484,
           0.12800000607967377,
           1,
           -0.12300000339746475,
           0.12700000405311584,
           0.11599999666213989,
           0.0949999988079071,
           -0.014000000432133675,
           0.039000000804662704,
           -0.15199999511241913,
           0.8949999809265137,
           -0.17399999499320984
          ],
          [
           0.03700000047683716,
           -0.33000001311302185,
           -0.03500000014901161,
           -0.22100000083446503,
           -0.20600000023841858,
           -0.04600000008940697,
           -0.20000000298023224,
           0.0010000000474974513,
           -0.03200000151991844,
           -0.07199999690055847,
           -0.17299999296665192,
           -0.12300000339746475,
           1,
           -0.17100000381469727,
           -0.13199999928474426,
           -0.12399999797344208,
           0.0430000014603138,
           -0.07999999821186066,
           0.11999999731779099,
           -0.08100000023841858,
           0.18700000643730164
          ],
          [
           -0.07999999821186066,
           0.35199999809265137,
           0.2029999941587448,
           0.2840000092983246,
           0.7369999885559082,
           0.03999999910593033,
           0.7089999914169312,
           0.10899999737739563,
           0.03099999949336052,
           -0.004000000189989805,
           0.9679999947547913,
           0.12700000405311584,
           -0.17100000381469727,
           1,
           0.1679999977350235,
           0.10199999809265137,
           0.22499999403953552,
           0.08399999886751175,
           -0.16599999368190765,
           0.09700000286102295,
           -0.23999999463558197
          ],
          [
           0.027000000700354576,
           0.10499999672174454,
           -0.020999999716877937,
           0.3529999852180481,
           0.08399999886751175,
           -0.003000000026077032,
           0.07199999690055847,
           0,
           0.02199999988079071,
           -0.010999999940395355,
           0.17100000381469727,
           0.11599999666213989,
           -0.13199999928474426,
           0.1679999977350235,
           1,
           -0.03099999949336052,
           -0.00800000037997961,
           0.057999998331069946,
           -0.07999999821186066,
           0.09600000083446503,
           -0.14100000262260437
          ],
          [
           -0.012000000104308128,
           0.24300000071525574,
           0.18199999630451202,
           0.30300000309944153,
           0.12300000339746475,
           -0.029999999329447746,
           0.1120000034570694,
           0.09399999678134918,
           0.08699999749660492,
           0.5590000152587891,
           0.10199999809265137,
           0.0949999988079071,
           -0.12399999797344208,
           0.10199999809265137,
           -0.03099999949336052,
           1,
           0.10100000351667404,
           0.05900000035762787,
           -0.1379999965429306,
           0.04399999976158142,
           -0.18199999630451202
          ],
          [
           -0.008999999612569809,
           0.05999999865889549,
           0.3330000042915344,
           0.06400000303983688,
           0.19699999690055847,
           0.07400000095367432,
           0.19099999964237213,
           0.26499998569488525,
           0.16699999570846558,
           0.04600000008940697,
           0.22300000488758087,
           -0.014000000432133675,
           0.0430000014603138,
           0.22499999403953552,
           -0.00800000037997961,
           0.10100000351667404,
           1,
           0.02500000037252903,
           0,
           -0.02800000086426735,
           -0.050999999046325684
          ],
          [
           0.0010000000474974513,
           0.11100000143051147,
           0.012000000104308128,
           0.125,
           0.0820000022649765,
           0.00800000037997961,
           0.07699999958276749,
           -0.0020000000949949026,
           0.0820000022649765,
           0.023000000044703484,
           0.08500000089406967,
           0.039000000804662704,
           -0.07999999821186066,
           0.08399999886751175,
           0.057999998331069946,
           0.05900000035762787,
           0.02500000037252903,
           1,
           0.009999999776482582,
           0.01899999938905239,
           -0.10499999672174454
          ],
          [
           0.06800000369548798,
           -0.2849999964237213,
           -0.0729999989271164,
           -0.0949999988079071,
           -0.17100000381469727,
           0.0010000000474974513,
           -0.16099999845027924,
           -0.03200000151991844,
           0.22699999809265137,
           -0.057999998331069946,
           -0.16099999845027924,
           -0.15199999511241913,
           0.11999999731779099,
           -0.16599999368190765,
           -0.07999999821186066,
           -0.1379999965429306,
           0,
           0.009999999776482582,
           1,
           -0.15000000596046448,
           0.24199999868869781
          ],
          [
           -0.06499999761581421,
           0.20600000023841858,
           -0.013000000268220901,
           0.023000000044703484,
           0.06599999964237213,
           0.1379999965429306,
           0.05900000035762787,
           0.0010000000474974513,
           -0.210999995470047,
           -0.008999999612569809,
           0.09600000083446503,
           0.8949999809265137,
           -0.08100000023841858,
           0.09700000286102295,
           0.09600000083446503,
           0.04399999976158142,
           -0.02800000086426735,
           0.01899999938905239,
           -0.15000000596046448,
           1,
           -0.15700000524520874
          ],
          [
           0.11299999803304672,
           -0.45399999618530273,
           -0.16099999845027924,
           -0.1889999955892563,
           -0.2549999952316284,
           -0.03999999910593033,
           -0.24500000476837158,
           -0.08900000154972076,
           0.17100000381469727,
           -0.07100000232458115,
           -0.24300000071525574,
           -0.17399999499320984,
           0.18700000643730164,
           -0.23999999463558197,
           -0.14100000262260437,
           -0.18199999630451202,
           -0.050999999046325684,
           -0.10499999672174454,
           0.24199999868869781,
           -0.15700000524520874,
           1
          ]
         ],
         "textfont": {
          "size": 12
         },
         "texttemplate": "%{text:.2e}",
         "type": "heatmap",
         "x": [
          "\"PABSENT\"",
          "\"zpses\"",
          "\"zraloct\"",
          "\"lon\"",
          "\"zralocp\"",
          "\"SCHOOL\"",
          "\"ZRALEVP\"",
          "\"ZRALEVT\"",
          "\"lat\"",
          "\"PUPIL\"",
          "\"zmalocp\"",
          "\"XNUMYRS\"",
          "\"zsdist\"",
          "\"ZMALEVP\"",
          "\"SINS2006\"",
          "\"numstu\"",
          "\"ZMALEVT\"",
          "\"PFALIVE\"",
          "\"zpsibs\"",
          "\"XAGE\"",
          "\"PAGE\""
         ],
         "xaxis": "x",
         "y": [
          "\"PABSENT\"",
          "\"zpses\"",
          "\"zraloct\"",
          "\"lon\"",
          "\"zralocp\"",
          "\"SCHOOL\"",
          "\"ZRALEVP\"",
          "\"ZRALEVT\"",
          "\"lat\"",
          "\"PUPIL\"",
          "\"zmalocp\"",
          "\"XNUMYRS\"",
          "\"zsdist\"",
          "\"ZMALEVP\"",
          "\"SINS2006\"",
          "\"numstu\"",
          "\"ZMALEVT\"",
          "\"PFALIVE\"",
          "\"zpsibs\"",
          "\"XAGE\"",
          "\"PAGE\""
         ],
         "yaxis": "y",
         "z": [
          [
           1,
           -0.1509999930858612,
           -0.039000000804662704,
           0.10199999809265137,
           -0.10400000214576721,
           -0.06400000303983688,
           -0.10499999672174454,
           -0.020999999716877937,
           0.16099999845027924,
           0.014000000432133675,
           -0.0820000022649765,
           -0.05400000140070915,
           0.03700000047683716,
           -0.07999999821186066,
           0.027000000700354576,
           -0.012000000104308128,
           -0.008999999612569809,
           0.0010000000474974513,
           0.06800000369548798,
           -0.06499999761581421,
           0.11299999803304672
          ],
          [
           -0.1509999930858612,
           1,
           0.23600000143051147,
           0.11800000071525574,
           0.40299999713897705,
           0.10899999737739563,
           0.38499999046325684,
           0.1289999932050705,
           -0.28999999165534973,
           0.10999999940395355,
           0.35499998927116394,
           0.21899999678134918,
           -0.33000001311302185,
           0.35199999809265137,
           0.10499999672174454,
           0.24300000071525574,
           0.05999999865889549,
           0.11100000143051147,
           -0.2849999964237213,
           0.20600000023841858,
           -0.45399999618530273
          ],
          [
           -0.039000000804662704,
           0.23600000143051147,
           1,
           0.023000000044703484,
           0.17800000309944153,
           0.1550000011920929,
           0.16500000655651093,
           0.7260000109672546,
           -0.04100000113248825,
           0.10999999940395355,
           0.20000000298023224,
           -0.0020000000949949026,
           -0.03500000014901161,
           0.2029999941587448,
           -0.020999999716877937,
           0.18199999630451202,
           0.3330000042915344,
           0.012000000104308128,
           -0.0729999989271164,
           -0.013000000268220901,
           -0.16099999845027924
          ],
          [
           0.10199999809265137,
           0.11800000071525574,
           0.023000000044703484,
           1,
           0.1809999942779541,
           -0.027000000700354576,
           0.16899999976158142,
           -0.03999999910593033,
           0.33500000834465027,
           0.19200000166893005,
           0.2840000092983246,
           0.11299999803304672,
           -0.22100000083446503,
           0.2840000092983246,
           0.3529999852180481,
           0.30300000309944153,
           0.06400000303983688,
           0.125,
           -0.0949999988079071,
           0.023000000044703484,
           -0.1889999955892563
          ],
          [
           -0.10400000214576721,
           0.40299999713897705,
           0.17800000309944153,
           0.1809999942779541,
           1,
           0,
           0.9769999980926514,
           0.08100000023841858,
           0.0560000017285347,
           0.009999999776482582,
           0.7450000047683716,
           0.10100000351667404,
           -0.20600000023841858,
           0.7369999885559082,
           0.08399999886751175,
           0.12300000339746475,
           0.19699999690055847,
           0.0820000022649765,
           -0.17100000381469727,
           0.06599999964237213,
           -0.2549999952316284
          ],
          [
           -0.06400000303983688,
           0.10899999737739563,
           0.1550000011920929,
           -0.027000000700354576,
           0,
           1,
           -0.004999999888241291,
           0.1080000028014183,
           0.04500000178813934,
           -0.041999999433755875,
           0.03700000047683716,
           0.12099999934434891,
           -0.04600000008940697,
           0.03999999910593033,
           -0.003000000026077032,
           -0.029999999329447746,
           0.07400000095367432,
           0.00800000037997961,
           0.0010000000474974513,
           0.1379999965429306,
           -0.03999999910593033
          ],
          [
           -0.10499999672174454,
           0.38499999046325684,
           0.16500000655651093,
           0.16899999976158142,
           0.9769999980926514,
           -0.004999999888241291,
           1,
           0.07599999755620956,
           0.05900000035762787,
           0.009999999776482582,
           0.7179999947547913,
           0.09399999678134918,
           -0.20000000298023224,
           0.7089999914169312,
           0.07199999690055847,
           0.1120000034570694,
           0.19099999964237213,
           0.07699999958276749,
           -0.16099999845027924,
           0.05900000035762787,
           -0.24500000476837158
          ],
          [
           -0.020999999716877937,
           0.1289999932050705,
           0.7260000109672546,
           -0.03999999910593033,
           0.08100000023841858,
           0.1080000028014183,
           0.07599999755620956,
           1,
           -0.04100000113248825,
           0.05299999937415123,
           0.1080000028014183,
           0.003000000026077032,
           0.0010000000474974513,
           0.10899999737739563,
           0,
           0.09399999678134918,
           0.26499998569488525,
           -0.0020000000949949026,
           -0.03200000151991844,
           0.0010000000474974513,
           -0.08900000154972076
          ],
          [
           0.16099999845027924,
           -0.28999999165534973,
           -0.04100000113248825,
           0.33500000834465027,
           0.0560000017285347,
           0.04500000178813934,
           0.05900000035762787,
           -0.04100000113248825,
           1,
           0.08900000154972076,
           0.03099999949336052,
           -0.1379999965429306,
           -0.03200000151991844,
           0.03099999949336052,
           0.02199999988079071,
           0.08699999749660492,
           0.16699999570846558,
           0.0820000022649765,
           0.22699999809265137,
           -0.210999995470047,
           0.17100000381469727
          ],
          [
           0.014000000432133675,
           0.10999999940395355,
           0.10999999940395355,
           0.19200000166893005,
           0.009999999776482582,
           -0.041999999433755875,
           0.009999999776482582,
           0.05299999937415123,
           0.08900000154972076,
           1,
           -0.0020000000949949026,
           0.023000000044703484,
           -0.07199999690055847,
           -0.004000000189989805,
           -0.010999999940395355,
           0.5590000152587891,
           0.04600000008940697,
           0.023000000044703484,
           -0.057999998331069946,
           -0.008999999612569809,
           -0.07100000232458115
          ],
          [
           -0.0820000022649765,
           0.35499998927116394,
           0.20000000298023224,
           0.2840000092983246,
           0.7450000047683716,
           0.03700000047683716,
           0.7179999947547913,
           0.1080000028014183,
           0.03099999949336052,
           -0.0020000000949949026,
           1,
           0.12800000607967377,
           -0.17299999296665192,
           0.9679999947547913,
           0.17100000381469727,
           0.10199999809265137,
           0.22300000488758087,
           0.08500000089406967,
           -0.16099999845027924,
           0.09600000083446503,
           -0.24300000071525574
          ],
          [
           -0.05400000140070915,
           0.21899999678134918,
           -0.0020000000949949026,
           0.11299999803304672,
           0.10100000351667404,
           0.12099999934434891,
           0.09399999678134918,
           0.003000000026077032,
           -0.1379999965429306,
           0.023000000044703484,
           0.12800000607967377,
           1,
           -0.12300000339746475,
           0.12700000405311584,
           0.11599999666213989,
           0.0949999988079071,
           -0.014000000432133675,
           0.039000000804662704,
           -0.15199999511241913,
           0.8949999809265137,
           -0.17399999499320984
          ],
          [
           0.03700000047683716,
           -0.33000001311302185,
           -0.03500000014901161,
           -0.22100000083446503,
           -0.20600000023841858,
           -0.04600000008940697,
           -0.20000000298023224,
           0.0010000000474974513,
           -0.03200000151991844,
           -0.07199999690055847,
           -0.17299999296665192,
           -0.12300000339746475,
           1,
           -0.17100000381469727,
           -0.13199999928474426,
           -0.12399999797344208,
           0.0430000014603138,
           -0.07999999821186066,
           0.11999999731779099,
           -0.08100000023841858,
           0.18700000643730164
          ],
          [
           -0.07999999821186066,
           0.35199999809265137,
           0.2029999941587448,
           0.2840000092983246,
           0.7369999885559082,
           0.03999999910593033,
           0.7089999914169312,
           0.10899999737739563,
           0.03099999949336052,
           -0.004000000189989805,
           0.9679999947547913,
           0.12700000405311584,
           -0.17100000381469727,
           1,
           0.1679999977350235,
           0.10199999809265137,
           0.22499999403953552,
           0.08399999886751175,
           -0.16599999368190765,
           0.09700000286102295,
           -0.23999999463558197
          ],
          [
           0.027000000700354576,
           0.10499999672174454,
           -0.020999999716877937,
           0.3529999852180481,
           0.08399999886751175,
           -0.003000000026077032,
           0.07199999690055847,
           0,
           0.02199999988079071,
           -0.010999999940395355,
           0.17100000381469727,
           0.11599999666213989,
           -0.13199999928474426,
           0.1679999977350235,
           1,
           -0.03099999949336052,
           -0.00800000037997961,
           0.057999998331069946,
           -0.07999999821186066,
           0.09600000083446503,
           -0.14100000262260437
          ],
          [
           -0.012000000104308128,
           0.24300000071525574,
           0.18199999630451202,
           0.30300000309944153,
           0.12300000339746475,
           -0.029999999329447746,
           0.1120000034570694,
           0.09399999678134918,
           0.08699999749660492,
           0.5590000152587891,
           0.10199999809265137,
           0.0949999988079071,
           -0.12399999797344208,
           0.10199999809265137,
           -0.03099999949336052,
           1,
           0.10100000351667404,
           0.05900000035762787,
           -0.1379999965429306,
           0.04399999976158142,
           -0.18199999630451202
          ],
          [
           -0.008999999612569809,
           0.05999999865889549,
           0.3330000042915344,
           0.06400000303983688,
           0.19699999690055847,
           0.07400000095367432,
           0.19099999964237213,
           0.26499998569488525,
           0.16699999570846558,
           0.04600000008940697,
           0.22300000488758087,
           -0.014000000432133675,
           0.0430000014603138,
           0.22499999403953552,
           -0.00800000037997961,
           0.10100000351667404,
           1,
           0.02500000037252903,
           0,
           -0.02800000086426735,
           -0.050999999046325684
          ],
          [
           0.0010000000474974513,
           0.11100000143051147,
           0.012000000104308128,
           0.125,
           0.0820000022649765,
           0.00800000037997961,
           0.07699999958276749,
           -0.0020000000949949026,
           0.0820000022649765,
           0.023000000044703484,
           0.08500000089406967,
           0.039000000804662704,
           -0.07999999821186066,
           0.08399999886751175,
           0.057999998331069946,
           0.05900000035762787,
           0.02500000037252903,
           1,
           0.009999999776482582,
           0.01899999938905239,
           -0.10499999672174454
          ],
          [
           0.06800000369548798,
           -0.2849999964237213,
           -0.0729999989271164,
           -0.0949999988079071,
           -0.17100000381469727,
           0.0010000000474974513,
           -0.16099999845027924,
           -0.03200000151991844,
           0.22699999809265137,
           -0.057999998331069946,
           -0.16099999845027924,
           -0.15199999511241913,
           0.11999999731779099,
           -0.16599999368190765,
           -0.07999999821186066,
           -0.1379999965429306,
           0,
           0.009999999776482582,
           1,
           -0.15000000596046448,
           0.24199999868869781
          ],
          [
           -0.06499999761581421,
           0.20600000023841858,
           -0.013000000268220901,
           0.023000000044703484,
           0.06599999964237213,
           0.1379999965429306,
           0.05900000035762787,
           0.0010000000474974513,
           -0.210999995470047,
           -0.008999999612569809,
           0.09600000083446503,
           0.8949999809265137,
           -0.08100000023841858,
           0.09700000286102295,
           0.09600000083446503,
           0.04399999976158142,
           -0.02800000086426735,
           0.01899999938905239,
           -0.15000000596046448,
           1,
           -0.15700000524520874
          ],
          [
           0.11299999803304672,
           -0.45399999618530273,
           -0.16099999845027924,
           -0.1889999955892563,
           -0.2549999952316284,
           -0.03999999910593033,
           -0.24500000476837158,
           -0.08900000154972076,
           0.17100000381469727,
           -0.07100000232458115,
           -0.24300000071525574,
           -0.17399999499320984,
           0.18700000643730164,
           -0.23999999463558197,
           -0.14100000262260437,
           -0.18199999630451202,
           -0.050999999046325684,
           -0.10499999672174454,
           0.24199999868869781,
           -0.15700000524520874,
           1
          ]
         ]
        }
       ],
       "layout": {
        "coloraxis": {
         "cmid": 0,
         "colorscale": [
          [
           0,
           "#000000"
          ],
          [
           0.5,
           "white"
          ],
          [
           1,
           "#1A6AFF"
          ]
         ]
        },
        "height": 1200,
        "margin": {
         "t": 60
        },
        "template": {
         "data": {
          "bar": [
           {
            "error_x": {
             "color": "#2a3f5f"
            },
            "error_y": {
             "color": "#2a3f5f"
            },
            "marker": {
             "line": {
              "color": "white",
              "width": 0.5
             },
             "pattern": {
              "fillmode": "overlay",
              "size": 10,
              "solidity": 0.2
             }
            },
            "type": "bar"
           }
          ],
          "barpolar": [
           {
            "marker": {
             "line": {
              "color": "white",
              "width": 0.5
             },
             "pattern": {
              "fillmode": "overlay",
              "size": 10,
              "solidity": 0.2
             }
            },
            "type": "barpolar"
           }
          ],
          "carpet": [
           {
            "aaxis": {
             "endlinecolor": "#2a3f5f",
             "gridcolor": "#C8D4E3",
             "linecolor": "#C8D4E3",
             "minorgridcolor": "#C8D4E3",
             "startlinecolor": "#2a3f5f"
            },
            "baxis": {
             "endlinecolor": "#2a3f5f",
             "gridcolor": "#C8D4E3",
             "linecolor": "#C8D4E3",
             "minorgridcolor": "#C8D4E3",
             "startlinecolor": "#2a3f5f"
            },
            "type": "carpet"
           }
          ],
          "choropleth": [
           {
            "colorbar": {
             "outlinewidth": 0,
             "ticks": ""
            },
            "type": "choropleth"
           }
          ],
          "contour": [
           {
            "colorbar": {
             "outlinewidth": 0,
             "ticks": ""
            },
            "colorscale": [
             [
              0,
              "#0d0887"
             ],
             [
              0.1111111111111111,
              "#46039f"
             ],
             [
              0.2222222222222222,
              "#7201a8"
             ],
             [
              0.3333333333333333,
              "#9c179e"
             ],
             [
              0.4444444444444444,
              "#bd3786"
             ],
             [
              0.5555555555555556,
              "#d8576b"
             ],
             [
              0.6666666666666666,
              "#ed7953"
             ],
             [
              0.7777777777777778,
              "#fb9f3a"
             ],
             [
              0.8888888888888888,
              "#fdca26"
             ],
             [
              1,
              "#f0f921"
             ]
            ],
            "type": "contour"
           }
          ],
          "contourcarpet": [
           {
            "colorbar": {
             "outlinewidth": 0,
             "ticks": ""
            },
